Audi,Germany
